4.057407379150391
2.8569698333740234
4.030466079711914
3.9217472076416016
1.9736289978027344
3.355264663696289
3.5712718963623047
1.5139579772949219
3.069639205932617
3.8437843322753906
3.9815902709960938
2.8612613677978516
6.899595260620117
10.636329650878906
1.7733573913574219
1.5702247619628906
2.104520797729492
3.860950469970703
1.346588134765625
3.6470890045166016
3.2835006713867188
3.881216049194336
2.9265880584716797
3.412485122680664
3.5719871520996094
3.6721229553222656
2.8715133666992188
1.5916824340820312
3.762960433959961
1.7247200012207031
3.7081241607666016
2.796649932861328
3.8263797760009766
3.7534236907958984
5.713462829589844
3.2982826232910156
3.8254261016845703
3.3147335052490234
3.8881301879882812
2.620697021484375
1.3499259948730469
1.8239021301269531
4.463434219360352
3.0312538146972656
1.5854835510253906
4.442930221557617
2.8743743896484375
1.5277862548828125
3.576040267944336
1.1208057403564453
3.36456298828125
1.2140274047851562
4.084110260009766
3.1228065490722656
3.8061141967773438
3.7887096405029297
3.5772323608398438
2.848386764526367
3.8323402404785156
2.577066421508789
1.1126995086669922
2.8319358825683594
1.2791156768798828
3.4313201904296875
3.615856170654297
3.1023025512695312
1.3146400451660156
1.779794692993164
1.650094985961914
1.477956771850586
1.6269683837890625
5.31768798828125
1.630544662475586
2.1855831146240234
