32.788753509521484
18.64480972290039
33.56528282165527
28.482675552368164
17.059326171875
30.993223190307617
14.120101928710938
14.926671981811523
15.209436416625977
6.197214126586914
18.431425094604492
16.08133316040039
16.351938247680664
10.825157165527344
17.180442810058594
18.31507682800293
15.430927276611328
14.396190643310547
17.991065979003906
6.098508834838867
7.642984390258789
16.49188995361328
15.375852584838867
10.036230087280273
7.026910781860352
15.829801559448242
16.283750534057617
15.852212905883789
21.18206024169922
8.494138717651367
17.625093460083008
12.910842895507812
7.294178009033203
8.882999420166016
15.645027160644531
12.681007385253906
16.37434959411621
11.638402938842773
18.09072494506836
12.866973876953125
16.602754592895508
15.964031219482422
17.026662826538086
5.812168121337891
9.765148162841797
12.736082077026367
11.873245239257812
14.772653579711914
16.683578491210938
9.123086929321289
25.766611099243164
16.825437545776367
17.261266708374023
9.376049041748047
6.695985794067383
15.580892562866211
27.66895294189453
22.184371948242188
42.87266731262207
26.037931442260742
25.866985321044922
46.27227783203125
29.094696044921875
