2.1359920501708984
3.84521484375
3.838777542114258
3.9587020874023438
4.905939102172852
3.4492015838623047
4.540681838989258
3.4258365631103516
3.724336624145508
1.3353824615478516
4.070758819580078
3.773927688598633
3.2095909118652344
3.812551498413086
3.793954849243164
3.909587860107422
2.084493637084961
3.986835479736328
3.269195556640625
1.7998218536376953
2.118825912475586
2.0627975463867188
1.8200874328613281
2.298593521118164
1.7261505126953125
1.6655921936035156
1.7552375793457031
1.466989517211914
