3.934621810913086
4.052877426147461
3.9000511169433594
3.7927627563476562
3.2205581665039062
4.201650619506836
3.9963722229003906
3.7653446197509766
3.4127235412597656
3.8194656372070312
3.674030303955078
3.556966781616211
3.7665367126464844
2.891063690185547
1.2707710266113281
1.0223388671875
4.093170166015625
3.8518905639648438
3.448963165283203
3.551006317138672
3.7369728088378906
3.9865970611572266
2.846956253051758
3.940105438232422
3.7572383880615234
3.793478012084961
3.4847259521484375
3.4356117248535156
3.6351680755615234
