14.662504196166992
15.825748443603516
17.594337463378906
10.718584060668945
9.974241256713867
16.280412673950195
17.247438430786133
16.728639602661133
9.327411651611328
9.357929229736328
6.527185440063477
16.980886459350586
10.086297988891602
10.675668716430664
17.392635345458984
15.26498794555664
11.741399765014648
11.825084686279297
60.915470123291016
23.87547492980957
27.077198028564453
18.213510513305664
24.06907081604004
28.75065803527832
26.931285858154297
26.668071746826172
29.244184494018555
29.298067092895508
17.22574234008789
25.56896209716797
24.37138557434082
20.111560821533203
22.615671157836914
23.481130599975586
24.895429611206055
22.574424743652344
28.96595001220703
40.17186164855957
23.689985275268555
22.09329605102539
24.012327194213867
20.8127498626709
24.356365203857422
45.2728271484375
29.2055606842041
23.17643165588379
21.209716796875
25.470256805419922
20.902633666992188
294.05736923217773
42.01650619506836
37.645578384399414
45.15194892883301
18.175601959228516
68.30072402954102
38.79737854003906
24.517536163330078
39.35050964355469
18.403053283691406
31.840801239013672
100.82697868347168
63.08770179748535
25.9244441986084
27.449369430541992
21.377086639404297
39.435386657714844
32.27734565734863
28.5794734954834
11.370182037353516
