3.679037094116211
3.832578659057617
3.6716461181640625
2.3925304412841797
3.754854202270508
3.083944320678711
3.7686824798583984
3.749370574951172
3.89862060546875
3.773927688598633
3.398418426513672
1.3687610626220703
2.1789073944091797
3.818511962890625
3.7660598754882812
1.2392997741699219
3.3521652221679688
1.1928081512451172
0.8521080017089844
3.5490989685058594
3.5583972930908203
3.8118362426757812
3.0951499938964844
3.125905990600586
3.295421600341797
4.418611526489258
3.083467483520508
1.0008811950683594
3.4842491149902344
3.7262439727783203
3.9052963256835938
3.839731216430664
3.8564205169677734
3.3943653106689453
3.4105777740478516
3.468751907348633
3.353118896484375
2.6307106018066406
1.8477439880371094
3.89862060546875
1.0869503021240234
3.192424774169922
3.750324249267578
1.9040107727050781
3.4513473510742188
3.3807754516601562
3.957986831665039
3.7424564361572266
3.754138946533203
3.900289535522461
3.6253929138183594
3.8213729858398438
2.9091835021972656
3.083467483520508
3.7834644317626953
3.908872604370117
1.5523433685302734
1.3294219970703125
2.4366378784179688
3.9072036743164062
1.0464191436767578
3.6361217498779297
3.4296512603759766
3.5359859466552734
1.7790794372558594
4.081010818481445
3.3833980560302734
3.0961036682128906
1.2178421020507812
1.7952919006347656
4.173517227172852
3.863811492919922
3.5238265991210938
3.8352012634277344
3.5858154296875
3.992319107055664
1.9257068634033203
1.5840530395507812
3.7178993225097656
3.1685829162597656
1.3747215270996094
2.446889877319336
2.674102783203125
1.9850730895996094
3.4284591674804688
3.348827362060547
3.8003921508789062
3.8123130798339844
3.41033935546875
3.3507347106933594
3.699064254760742
