22.062063217163086
27.204275131225586
17.346620559692383
12.1612548828125
15.469551086425781
7.648706436157227
15.485286712646484
12.802839279174805
11.248350143432617
8.462190628051758
15.04063606262207
13.135910034179688
12.125968933105469
16.124963760375977
9.736061096191406
14.066934585571289
19.776344299316406
6.6738128662109375
8.44573974609375
18.7685489654541
15.472650527954102
14.646291732788086
8.971929550170898
8.878469467163086
6.180047988891602
18.60952377319336
16.44611358642578
12.110471725463867
11.019468307495117
14.691591262817383
11.80267333984375
16.553163528442383
12.825965881347656
6.2103271484375
15.231132507324219
9.768486022949219
18.30124855041504
8.166790008544922
10.236024856567383
13.912677764892578
16.116619110107422
7.077693939208984
13.431549072265625
6.237983703613281
7.85374641418457
11.020421981811523
9.323835372924805
13.826847076416016
49.59297180175781
15.00391960144043
7.744789123535156
14.394998550415039
18.007516860961914
7.378816604614258
6.537199020385742
8.797645568847656
9.691953659057617
8.570671081542969
6.916046142578125
8.539438247680664
15.787363052368164
5.84101676940918
14.08529281616211
16.97540283203125
7.436513900756836
12.154579162597656
6.690025329589844
11.822223663330078
6.691455841064453
9.074926376342773
9.346723556518555
16.886472702026367
19.912242889404297
8.187055587768555
14.026165008544922
63.25960159301758
10.122060775756836
10.495424270629883
10.529518127441406
14.592170715332031
15.50149917602539
10.030984878540039
7.364988327026367
12.94088363647461
13.656377792358398
13.427495956420898
12.848377227783203
11.51895523071289
12.848377227783203
14.819622039794922
10.299444198608398
10.466814041137695
6.834506988525391
